2	1
0.454545	3.98776
0.909091	7.58163
1.36364	10.9923
1.81818	14.1561
2.27273	17.0071
2.72727	19.4265
3.18182	21.6532
3.63636	24.59
4.09091	28.6848
4.54545	34.7099
   0.3506
   0.5867
   0.5729
   0.3940
   0.2043
   0.0830
   0.0271
   0.0072
   0.0016
   0.0003
  -0.4334
  -0.4034
   0.0979
   0.4983
   0.5151
   0.3215
   0.1428
   0.0483
   0.0130
   0.0027
   0.4586
   0.1037
  -0.4454
  -0.2215
   0.3290
   0.5134
   0.3596
   0.1647
   0.0551
   0.0136
  -0.4500
   0.1924
   0.3486
  -0.3280
  -0.3066
   0.2565
   0.4830
   0.3384
   0.1479
   0.0436
   0.4110
  -0.4178
   0.0552
   0.3638
  -0.3161
  -0.2513
   0.2913
   0.4386
   0.2679
   0.0956
  -0.3060
   0.4640
  -0.4437
   0.1918
   0.2103
  -0.3717
  -0.0611
   0.3630
   0.3425
   0.1489
  -0.1170
   0.2313
  -0.3630
   0.4724
  -0.4292
   0.0923
   0.3497
  -0.2032
  -0.4137
  -0.2248
  -0.0172
   0.0443
  -0.1018
   0.2147
  -0.3885
   0.5323
  -0.3928
  -0.1693
   0.4422
   0.3584
  -0.0011
   0.0038
  -0.0123
   0.0380
  -0.1066
   0.2570
  -0.4883
   0.6071
  -0.2025
  -0.5224
  -2.3216e-05
   1.0851e-04
  -4.9477e-04
   2.1851e-03
  -9.0647e-03
   3.4195e-02
  -1.1263e-01
   3.0537e-01
  -6.1494e-01
   7.1740e-01
