1	0.5
0.454545	2.21419
0.909091	4.08707
1.36364	6.11986
1.81818	8.47609
2.27273	11.114
2.72727	13.8429
3.18182	16.431
3.63636	18.6234
4.09091	20.1527
4.54545	22.0688
   0.1848
   0.3711
   0.4878
   0.5020
   0.4294
   0.3140
   0.1993
   0.1106
   0.0532
   0.0200
  -0.2547
  -0.4129
  -0.3338
  -0.0555
   0.2539
   0.4397
   0.4565
   0.3561
   0.2185
   0.0964
   0.3178
   0.3816
   0.0659
  -0.3168
  -0.3890
  -0.1085
   0.2593
   0.4517
   0.4071
   0.2203
   0.3781
   0.2699
  -0.2381
  -0.3881
   0.0312
   0.4070
   0.2573
  -0.1918
  -0.4468
  -0.3282
   0.4171
   0.0705
  -0.4190
  -0.0501
   0.4196
   0.0758
  -0.4072
  -0.1946
   0.3209
   0.3931
   0.4253
  -0.1680
  -0.3262
   0.3678
   0.1145
  -0.4253
   0.0557
   0.4101
  -0.1050
  -0.4159
  -0.3993
   0.3712
  -0.0183
  -0.3503
   0.4072
  -0.0721
  -0.3399
   0.3463
   0.1130
  -0.4006
  -0.3354
   0.4637
  -0.3962
   0.1704
   0.1298
  -0.3638
   0.3751
  -0.1088
  -0.2546
   0.3463
  -0.1731
   0.2940
  -0.3836
   0.4412
  -0.4455
   0.3634
  -0.1737
  -0.0897
   0.3014
  -0.2867
  -0.0148
   0.0310
  -0.0562
   0.0988
  -0.1687
   0.2727
  -0.4039
   0.5237
  -0.5492
   0.3795
