0	0.01
0.454545	0.836185	   0.0671
   0.1530
   0.2474
   0.3364
   0.4056
   0.4417
   0.4349
   0.3814
   0.2837
   0.1515

0.909091	2.12224	  -0.1665
  -0.3357
  -0.4340
  -0.4078
  -0.2491
  -0.0039
   0.2427
   0.3988
   0.4027
   0.2505

1.36364	4.00336	   0.2663
   0.4334
   0.3405
   0.0176
  -0.3179
  -0.4193
  -0.2058
   0.1646
   0.4082
   0.3349

1.81818	6.36473	  -0.3477
  -0.3962
  -0.0137
   0.3847
   0.3210
  -0.1356
  -0.4242
  -0.1826
   0.2887
   0.3950

2.27273	9.02995	  -0.4011
  -0.2362
   0.3157
   0.3264
  -0.2347
  -0.3793
   0.1550
   0.4102
  -0.0765
  -0.4244

2.72727	11.7893	   0.4219
   0.0079
  -0.4235
   0.1125
   0.3873
  -0.2460
  -0.2988
   0.3567
   0.1637
  -0.4197

3.18182	14.4203	   0.4091
  -0.2147
  -0.2476
   0.4197
  -0.1157
  -0.3169
   0.4020
  -0.0507
  -0.3553
   0.3806

3.63636	16.707	   0.3649
  -0.3639
   0.0808
   0.2589
  -0.4273
   0.3225
  -0.0165
  -0.2996
   0.4344
  -0.3090

4.09091	18.455	  -0.2940
   0.3994
  -0.3393
   0.1644
   0.0600
  -0.2677
   0.4050
  -0.4402
   0.3680
  -0.2082

4.54545	19.5236	   0.2241
  -0.3538
   0.4152
  -0.4276
   0.4059
  -0.3609
   0.3007
  -0.2312
   0.1562
  -0.0786

