3	5
0.454545	15.5193
0.909091	32.0455
1.36364	57.1711
1.81818	93.0209
2.27273	139.345
2.72727	196.061
3.18182	263.14
3.63636	340.569
4.09091	428.341
4.54545	526.667
   9.5312e-01
   3.0050e-01
   3.5406e-02
   2.2207e-03
   8.6959e-05
   2.3333e-06
   4.5628e-08
   6.7959e-10
   7.9691e-12
   7.5494e-14
  -3.0174e-01
   9.3516e-01
   1.8498e-01
   1.4771e-02
   6.6775e-04
   1.9725e-05
   4.1333e-07
   6.4862e-09
   7.9231e-11
   7.7567e-13
   2.2589e-02
  -1.8727e-01
   9.7297e-01
   1.3296e-01
   7.8564e-03
   2.7413e-04
   6.4457e-06
   1.1012e-07
   1.4363e-09
   1.4814e-11
  -6.7167e-04
   1.0543e-02
  -1.3347e-01
   9.8554e-01
   1.0369e-01
   4.8800e-03
   1.3895e-04
   2.7180e-06
   3.9241e-08
   4.3821e-10
   1.0870e-05
  -2.7467e-04
   6.1126e-03
  -1.0385e-01
   9.9094e-01
   8.4943e-02
   3.3254e-03
   8.0030e-05
   1.3407e-06
   1.6764e-08
  -1.1062e-07
   4.0915e-06
  -1.3905e-04
   3.9939e-03
  -8.5008e-02
   9.9377e-01
   7.1928e-02
   2.4113e-03
   5.0266e-05
   7.3642e-07
   7.7216e-10
  -3.9278e-08
   1.8797e-06
  -8.0057e-05
   2.8144e-03
  -7.1960e-02
   9.9545e-01
   6.2367e-02
   1.8285e-03
   3.3613e-05
  -3.9295e-12
   2.6266e-10
  -1.6772e-08
   9.8273e-07
  -5.0276e-05
   2.0902e-03
  -6.2385e-02
   9.9653e-01
   5.5048e-02
   1.4335e-03
   1.5241e-14
  -1.2926e-12
   1.0592e-10
  -8.1261e-09
   5.6310e-07
  -3.3625e-05
   1.6136e-03
  -5.5059e-02
   9.9727e-01
   4.9209e-02
  -4.5890e-17
   4.8339e-15
  -4.9459e-13
   4.8000e-11
  -4.3016e-09
   3.4427e-07
  -2.3516e-05
   1.2803e-03
  -4.9213e-02
   9.9879e-01
