Number of iterations: 31
Number of iterations: 131085
   2.9999e+00
   6.9995e+00
   1.0999e+01
   1.5004e+01
   1.9069e+01
   2.3420e+01
   2.8383e+01
   3.4140e+01
   4.0722e+01
   4.8123e+01
   5.6332e+01
   6.5339e+01
   7.5140e+01
   8.5729e+01
   9.7105e+01
   1.0926e+02
   1.2220e+02
   1.3592e+02
   1.5041e+02
   1.6568e+02
   1.8171e+02
   1.9852e+02
   2.1609e+02
   2.3443e+02
   2.5353e+02
   2.7338e+02
   2.9400e+02
   3.1537e+02
   3.3749e+02
   3.6036e+02
   3.8397e+02
   4.0833e+02
   4.3343e+02
   4.5926e+02
   4.8583e+02
   5.1313e+02
   5.4115e+02
   5.6990e+02
   5.9937e+02
   6.2955e+02
   6.6045e+02
   6.9205e+02
   7.2436e+02
   7.5736e+02
   7.9107e+02
   8.2546e+02
   8.6054e+02
   8.9631e+02
   9.3275e+02
   9.6987e+02
   1.0077e+03
   1.0461e+03
   1.0852e+03
   1.1250e+03
   1.1654e+03
   1.2065e+03
   1.2482e+03
   1.2905e+03
   1.3335e+03
   1.3771e+03
   1.4213e+03
   1.4661e+03
   1.5115e+03
   1.5576e+03
   1.6042e+03
   1.6514e+03
   1.6992e+03
   1.7476e+03
   1.7965e+03
   1.8460e+03
   1.8961e+03
   1.9468e+03
   1.9979e+03
   2.0496e+03
   2.1019e+03
   2.1547e+03
   2.2080e+03
   2.2618e+03
   2.3161e+03
   2.3710e+03
   2.4263e+03
   2.4821e+03
   2.5384e+03
   2.5951e+03
   2.6524e+03
   2.7100e+03
   2.7682e+03
   2.8268e+03
   2.8858e+03
   2.9452e+03
   3.0051e+03
   3.0654e+03
   3.1261e+03
   3.1872e+03
   3.2487e+03
   3.3105e+03
   3.3728e+03
   3.4354e+03
   3.4984e+03
   3.5617e+03
   3.6254e+03
   3.6894e+03
   3.7538e+03
   3.8184e+03
   3.8834e+03
   3.9487e+03
   4.0143e+03
   4.0801e+03
   4.1463e+03
   4.2127e+03
   4.2794e+03
   4.3463e+03
   4.4135e+03
   4.4810e+03
   4.5486e+03
   4.6165e+03
   4.6846e+03
   4.7529e+03
   4.8214e+03
   4.8901e+03
   4.9589e+03
   5.0280e+03
   5.0972e+03
   5.1665e+03
   5.2360e+03
   5.3057e+03
   5.3754e+03
   5.4453e+03
   5.5153e+03
   5.5854e+03
   5.6556e+03
   5.7258e+03
   5.7962e+03
   5.8666e+03
   5.9370e+03
   6.0075e+03
   6.0781e+03
   6.1487e+03
   6.2193e+03
   6.2899e+03
   6.3605e+03
   6.4311e+03
   6.5017e+03
   6.5723e+03
   6.6429e+03
   6.7134e+03
   6.7839e+03
   6.8543e+03
   6.9246e+03
   6.9949e+03
   7.0651e+03
   7.1351e+03
   7.2051e+03
   7.2750e+03
   7.3448e+03
   7.4144e+03
   7.4839e+03
   7.5532e+03
   7.6224e+03
   7.6915e+03
   7.7603e+03
   7.8290e+03
   7.8975e+03
   7.9658e+03
   8.0339e+03
   8.1018e+03
   8.1695e+03
   8.2369e+03
   8.3041e+03
   8.3710e+03
   8.4377e+03
   8.5041e+03
   8.5703e+03
   8.6362e+03
   8.7017e+03
   8.7670e+03
   8.8320e+03
   8.8967e+03
   8.9610e+03
   9.0250e+03
   9.0887e+03
   9.1520e+03
   9.2150e+03
   9.2776e+03
   9.3399e+03
   9.4018e+03
   9.4632e+03
   9.5243e+03
   9.5850e+03
   9.6453e+03
   9.7052e+03
   9.7646e+03
   9.8237e+03
   9.8822e+03
   9.9404e+03
   9.9981e+03
   1.0055e+04
   1.0112e+04
   1.0168e+04
   1.0224e+04
   1.0279e+04
   1.0334e+04
   1.0389e+04
   1.0442e+04
   1.0496e+04
   1.0549e+04
   1.0601e+04
   1.0652e+04
   1.0704e+04
   1.0754e+04
   1.0804e+04
   1.0854e+04
   1.0903e+04
   1.0951e+04
   1.0999e+04
   1.1046e+04
   1.1093e+04
   1.1139e+04
   1.1184e+04
   1.1229e+04
   1.1273e+04
   1.1317e+04
   1.1360e+04
   1.1402e+04
   1.1444e+04
   1.1485e+04
   1.1525e+04
   1.1565e+04
   1.1604e+04
   1.1643e+04
   1.1681e+04
   1.1718e+04
   1.1754e+04
   1.1790e+04
   1.1825e+04
   1.1859e+04
   1.1893e+04
   1.1926e+04
   1.1958e+04
   1.1990e+04
   1.2021e+04
   1.2051e+04
   1.2081e+04
   1.2109e+04
   1.2137e+04
   1.2165e+04
   1.2191e+04
   1.2217e+04
   1.2242e+04
   1.2266e+04
   1.2290e+04
   1.2313e+04
   1.2335e+04
   1.2356e+04
   1.2377e+04
   1.2397e+04
   1.2416e+04
   1.2434e+04
   1.2452e+04
   1.2469e+04
   1.2485e+04
   1.2500e+04
   1.2515e+04
   1.2528e+04
   1.2541e+04
   1.2553e+04
   1.2565e+04
   1.2575e+04
   1.2585e+04
   1.2594e+04
   1.2602e+04
   1.2610e+04
   1.2616e+04
   1.2622e+04
   1.2627e+04
   1.2631e+04
   1.2634e+04
   1.2637e+04
   1.2642e+04
   1.2649e+04

Success: 2 tests passed.
Test time: 62.38 seconds.
